,Time (mins),Distance (m),Size (Moment Magnitude),Time (mins)_standard,Distance (m)_standard,Size (Moment Magnitude)_standard
0,14963,20518,3.0,-2.8222186027674887,-0.9540010396812367,2.468986434529478
1,15229,35321,1.8,-2.774784361310424,0.07163696585968729,-1.0911958791395626
2,17442,38120,1.9,-2.3801528712935665,0.2655679783239882,-0.794514019667143
3,17902,51661,2.0,-2.2981237319317254,1.2037672779949773,-0.49783216019472265
4,18393,36197,1.7,-2.21056654187376,0.13233134489460247,-1.387877738611983
5,18688,21457,2.4,-2.1579608981525795,-0.8889416539349064,0.6888952776949573
6,18985,50482,1.5,-2.104998605999391,1.1220792952527798,-1.981241457556823
7,19827,38701,2.5,-1.9548496161240205,0.30582304021815,0.9855771371673776
8,20000,22431,2.0,-1.923999526755328,-0.8214572644600122,-0.49783216019472265
9,20403,40080,2.4,-1.852134867705715,0.40136818712357014,0.6888952776949573
10,20465,873,2.5,-1.841078766313467,-2.315120989613781,0.9855771371673776
11,20507,26386,2.3,-1.8335891492412988,-0.5474318431322843,0.39221341822253697
12,20595,60527,2.0,-1.8178966182329466,1.8180553653506373,-0.49783216019472265
13,20619,25368,2.7,-1.8136168370488506,-0.6179648087230877,1.5789408561122182
14,20679,6520,2.9,-1.8029173840886104,-1.9238639594651896,2.1723045750570575
15,20698,23061,2.5,-1.7995292239845344,-0.7778071973458609,0.9855771371673776
16,20716,32656,2.3,-1.7963193880964623,-0.11300974661525445,0.39221341822253697
17,20945,49642,2.3,-1.7554831426315458,1.0638792057672448,0.39221341822253697
18,21033,25325,2.4,-1.7397906116231936,-0.6209440990181805,0.6888952776949573
19,21040,51542,1.8,-1.7385423421111654,1.1955222653178599,-1.0911958791395626
20,21095,37008,2.1,-1.7287345102309453,0.1885221455764703,-0.20115030072230236
21,21106,36185,2.2,-1.7267729438549013,0.13149991504480912,0.09553155875011796
22,21135,23224,2.3,-1.7216015415907853,-0.7665136085528343,0.39221341822253697
23,21233,38234,2.6,-1.704125768422393,0.2734665618970251,1.282258996639798
24,21269,52790,1.6,-1.697706096646249,1.2819909696963692,-1.6845595980844026
25,21301,24568,2.7,-1.6919997217341207,-0.6733934653759782,1.5789408561122182
26,21351,20392,2.0,-1.6830835109339206,-0.962731053104067,-0.49783216019472265
27,21383,48875,1.8,-1.6773771360217926,1.0107369812012859,-1.0911958791395626
28,21394,53458,1.4,-1.6754155696457487,1.328273898001533,-2.277923317029243
29,21478,53434,1.4,-1.6604363355014125,1.326611038301946,-2.277923317029243
30,21509,38007,2.3,-1.6549082848052883,0.2577386805717674,0.39221341822253697
31,21523,23442,2.5,-1.6524117457812322,-0.7514092996149218,0.9855771371673776
32,21641,21397,2.9,-1.63136948829276,-0.8930988031838732,2.1723045750570575
33,21657,41116,2.3,-1.6285163008366959,0.47314829748906345,0.39221341822253697
34,21681,22566,2.3,-1.6242365196525999,-0.8121036786498369,0.39221341822253697
35,21691,22736,2.4,-1.6224532774925597,-0.8003250891110977,0.6888952776949573
36,21708,51762,2.2,-1.619421765820492,1.210765145897405,0.09553155875011796
37,21712,49372,1.5,-1.618708468956476,1.0451720341468942,-1.981241457556823
38,21712,23759,1.9,-1.618708468956476,-0.7294456944162139,-0.794514019667143
39,21729,44029,2.1,-1.6156769572844079,0.6749778935264013,-0.20115030072230236
40,21751,55753,1.9,-1.6117538245323197,1.4872848567745127,-0.794514019667143
41,21819,37058,2.2,-1.5996277778440475,0.19198643661727596,0.09553155875011796
42,21823,25022,1.9,-1.5989144809800315,-0.6419377027254628,-0.794514019667143
43,21829,22229,2.9,-1.5978445356840074,-0.835453000264867,2.1723045750570575
44,21837,50520,2.3,-1.5964179419559754,1.1247121564437923,0.39221341822253697
45,21865,23707,2.8,-1.5914248639078634,-0.7330485570986517,1.8756227155846372
46,21909,50154,1.8,-1.5835785984036872,1.0993535460250947,-1.0911958791395626
47,21927,50302,2.1,-1.5803687625156153,1.1096078475058795,-0.20115030072230236
48,21970,51986,1.9,-1.5727008212274431,1.2262851697602142,-0.794514019667143
49,21973,35598,2.1,-1.5721658485794312,0.09082913822575066,-0.20115030072230236
50,22022,22081,1.9,-1.563427961995235,-0.8457073017456518,-0.794514019667143
51,22050,39362,1.8,-1.558434883947123,0.3516209677776008,-1.0911958791395626
52,22056,14774,2.1,-1.557364938651099,-1.3519787944489912,-0.20115030072230236
53,22069,23013,2.0,-1.555046723843047,-0.7811329167450343,-0.49783216019472265
54,22077,22880,2.4,-1.553620130115015,-0.7903479309135774,0.6888952776949573
55,22142,24178,2.4,-1.5420290560747547,-0.7004149354942624,0.6888952776949573
56,22191,30948,2.2,-1.5332911694905587,-0.23134992856917586,0.09553155875011796
57,22229,37244,1.7,-1.5265148492824065,0.20487359928907303,-1.387877738611983
58,22238,23518,2.5,-1.5249099313383705,-0.7461435772328971,0.9855771371673776
59,22292,36191,1.8,-1.5152804236741544,0.1319156299697058,-1.0911958791395626
60,22315,21957,2.8,-1.5111789667060622,-0.8542987435268499,1.8756227155846372
61,22361,23041,2.2,-1.5029760527698781,-0.7791929137621831,0.09553155875011796
62,22366,38054,2.3,-1.502084431689858,0.2609951141501247,0.39221341822253697
63,22375,24038,2.0,-1.5004795137458222,-0.7101149504085182,-0.49783216019472265
64,22411,40999,1.6,-1.494059841969678,0.4650418564535782,-1.6845595980844026
65,22474,49480,1.9,-1.4828254163614258,1.0526549027950345,-0.794514019667143
66,22490,52648,1.6,-1.4799722289053618,1.272152383140481,-1.6845595980844026
67,22492,69002,1.8,-1.479615580473354,2.4052526967671968,-1.0911958791395626
68,22560,38435,2.6,-1.4674895337850817,0.28739301188106386,1.282258996639798
69,22614,23854,1.9,-1.4578600261208656,-0.722863541438683,-0.794514019667143
70,22629,14316,2.2,-1.4551851628808055,-1.383711700382771,0.09553155875011796
71,22635,69664,1.2,-1.4541152175847816,2.451119910147464,-2.8712870359740834
72,22645,51454,1.6,-1.4523319754247415,1.189425113086042,-1.6845595980844026
73,22655,22770,2.7,-1.4505487332647014,-0.7979693712033498,1.5789408561122182
74,22667,62972,1.9,-1.4484088426726534,1.987459197246034,-0.794514019667143
75,22673,24522,2.0,-1.4473388973766295,-0.6765806131335195,-0.49783216019472265
76,22677,35429,2.1,-1.4466256005126135,0.07911983450782752,-0.20115030072230236
77,22700,34137,2.3,-1.4425241435445213,-0.01039744598659077,0.39221341822253697
78,22721,22656,2.5,-1.4387793350084372,-0.8058679547763867,0.9855771371673776
79,22898,23342,2.6,-1.4072159487757288,-0.758337881696533,1.282258996639798
80,22966,51233,2.0,-1.3950899020874568,1.174112946685681,-0.49783216019472265
81,22977,23000,2.7,-1.3931283357114126,-0.7820336324156437,1.5789408561122182
82,22993,50422,1.9,-1.3902751482553486,1.1179221460038131,-0.794514019667143
83,23030,24415,2.7,-1.3836771522632005,-0.6839941959608435,1.5789408561122182
84,23118,21407,2.6,-1.3679846212548483,-0.8924059449757121,1.282258996639798
85,23139,49947,1.9,-1.3642398127187643,1.0850113811161592,-0.794514019667143
86,23201,24269,2.1,-1.3531837113265162,-0.6941099257999961,-0.20115030072230236
87,23210,26326,2.3,-1.35157879338248,-0.5515889923812511,0.39221341822253697
88,23281,21623,2.7,-1.338917774046196,-0.8774402076794316,1.5789408561122182
89,23303,22406,2.7,-1.3349946412941078,-0.823189409980415,1.5789408561122182
90,23307,37396,2.1,-1.3342813444300918,0.21540504405312222,-0.20115030072230236
91,23333,45374,2.2,-1.3296449148139877,0.7681673225240735,0.09553155875011796
92,23342,19974,2.7,-1.3280399968699517,-0.9916925262052024,1.5789408561122182
93,23367,36250,2.0,-1.3235818914698516,0.13600349339785647,-0.49783216019472265
94,23432,22258,2.3,-1.3119908174295916,-0.8334437114611998,0.39221341822253697
95,23503,37589,2.2,-1.2993297980933074,0.22877720747063207,0.09553155875011796
96,23549,40017,2.4,-1.2911268841571233,0.397003180412155,0.6888952776949573
97,23617,23510,2.4,-1.279000837468851,-0.746697863799426,0.6888952776949573
98,23647,8518,2.4,-1.273651110988731,-1.7854308894745954,0.6888952776949573
99,23689,39383,1.6,-1.2661614939165629,0.3530759700147392,-1.6845595980844026
100,23732,37803,2.3,-1.2584935526283907,0.2436043731252803,0.39221341822253697
101,23847,12839,2.6,-1.2379862677879305,-1.4860468577281702,1.282258996639798
102,23898,37623,1.6,-1.2288917327717264,0.23113292537837993,-1.6845595980844026
103,23933,52897,1.8,-1.2226503852115862,1.2894045525236932,-1.0911958791395626
104,23986,53157,2.3,-1.2131992017633741,1.3074188659358827,0.39221341822253697
105,24000,50402,2.3,-1.210702662739318,1.1165364295874909,0.39221341822253697
106,24033,49147,2.2,-1.204817963611186,1.0295827244632687,0.09553155875011796
107,24061,36940,2.1,-1.199824885563074,0.1838107097609746,-0.20115030072230236
108,24120,26007,2.6,-1.1893037568188378,-0.5736911692215912,1.282258996639798
109,24200,71502,1.8,-1.1750378195385176,2.57846724880748,-1.0911958791395626
110,24238,37577,2.1,-1.1682614993303655,0.22794577762083873,-0.20115030072230236
111,24244,49093,2.1,-1.1671915540343414,1.0258412901391987,-0.20115030072230236
112,24322,22232,1.9,-1.1532822651860293,-0.8352451428024187,-0.794514019667143
113,24347,21757,2.3,-1.1488241597859292,-0.8681559076900724,0.39221341822253697
114,24407,22182,2.5,-1.138124706825689,-0.8387094338432244,0.9855771371673776
115,24431,38915,2.3,-1.133844925641593,0.32065020587279824,0.39221341822253697
116,24433,25409,2.8,-1.1334882772095851,-0.615124090069627,1.8756227155846372
117,24535,11088,2.0,-1.1152992071771768,-1.6073663299771845,-0.49783216019472265
118,24609,36514,1.8,-1.1021032151928807,0.15429495009331037,-1.0911958791395626
119,24676,23313,2.4,-1.0901554927206123,-0.7603471705002003,0.6888952776949573
120,24716,24584,2.3,-1.0830225240804523,-0.6722848922429204,0.39221341822253697
121,24744,52642,2.3,-1.0780294460323403,1.2717366682155844,0.39221341822253697
122,24804,19814,1.9,-1.0673299930721,-1.0027782575357804,-0.794514019667143
123,24820,21355,2.1,-1.064476805616036,-0.89600880765815,-0.20115030072230236
124,24941,36658,1.7,-1.0428995754795518,0.16427210829083067,-1.387877738611983
125,24952,10240,2.4,-1.0409380091035076,-1.6661207060292484,0.6888952776949573
126,25117,22568,2.0,-1.0115145134628474,-0.8119651070082047,-0.49783216019472265
127,25118,51398,2.0,-1.0113361892468433,1.1855451071203396,-0.49783216019472265
128,25226,24601,2.6,-0.992077173918411,-0.6711070332890465,1.282258996639798
129,25244,50789,2.3,-0.988867338030339,1.1433500422433267,0.39221341822253697
130,25248,22586,1.9,-0.988154041166323,-0.8107179622335147,-0.794514019667143
131,25265,25138,2.7,-0.9851225294942549,-0.6339005475107937,1.5789408561122182
132,25356,20326,2.3,-0.9688950258378907,-0.9673039172779305,0.39221341822253697
133,25597,35966,2.3,-0.9259188897809261,0.11632632028608032,0.39221341822253697
134,25632,52169,1.9,-0.919677542220786,1.238964474969563,-0.794514019667143
135,25779,53059,2.1,-0.8934638824681976,1.3006288554959036,-0.20115030072230236
136,26151,23679,2.1,-0.8271272741147088,-0.7349885600815029,-0.20115030072230236
137,26179,23063,2.7,-0.8221341960665967,-0.7776686257042287,1.5789408561122182
138,26282,22417,2.8,-0.8037668018181844,-0.8224272659514378,1.8756227155846372
139,26655,32231,2.2,-0.7372518692486915,-0.14245622046210257,0.09553155875011796
140,26766,23265,1.8,-0.7174578812722472,-0.7636728898993738,-1.0911958791395626
141,26782,70753,1.8,-0.7146046938161832,2.526572169016211,-1.0911958791395626
142,26806,21789,2.0,-0.7103249126320871,-0.8659387614239569,-0.49783216019472265
143,27074,22957,2.4,-0.6625340227430144,-0.7850129227107366,0.6888952776949573
144,27332,39923,2.5,-0.6165263750139818,0.39049031325544037,0.9855771371673776
145,27368,3977,2.8,-0.6101067032378377,-2.1000578018005656,1.8756227155846372
146,27444,35980,1.9,-0.5965540628215334,0.1172963217775059,-0.794514019667143
147,27446,6793,2.7,-0.5961974143895254,-1.9049489303823908,1.5789408561122182
148,27758,58653,2.1,-0.5405602589962767,1.6882137371412411,-0.20115030072230236
149,27788,25221,2.5,-0.5352105325161567,-0.6281498243830563,0.9855771371673776
150,27912,26673,2.2,-0.5130983297316604,-0.5275468125580599,0.09553155875011796
151,28685,73074,1.8,-0.3752537107605664,2.6873845591304097,-1.0911958791395626
152,28719,50566,2.0,-0.3691906874164303,1.1278993042013334,-0.49783216019472265
153,29013,49583,1.7,-0.3167633679112536,1.0597913423390941,-1.387877738611983
154,29107,40577,2.6,-0.3000008916068773,0.4358032400691784,1.282258996639798
155,29107,23757,1.8,-0.3000008916068773,-0.7295842660578461,-1.0911958791395626
156,29176,21254,2.6,-0.28769652070260116,-0.9030066755605775,1.282258996639798
157,29294,38327,2.4,-0.2666542632141289,0.2799101432329236,0.6888952776949573
158,29332,22480,2.2,-0.2598779430059768,-0.8180622592400226,0.09553155875011796
159,29690,11533,2.5,-0.19603787367654388,-1.576534139714014,0.9855771371673776
160,29766,49411,2.6,-0.1824852332602397,1.0478741811587227,1.282258996639798
161,30050,24097,2.0,-0.13184115591510298,-0.7060270869803675,-0.49783216019472265
162,30454,54185,2.5,-0.05979817264948598,1.3786446897348472,0.9855771371673776
163,30479,25433,2.2,-0.05534006724938592,-0.6134612303700403,0.09553155875011796
164,30557,21962,2.6,-0.041430778401073724,-0.8539523144227693,1.282258996639798
165,30659,25322,2.2,-0.02324170836866547,-0.6211519564806288,0.09553155875011796
166,30721,20766,2.5,-0.012185606976417315,-0.9368181561188407,0.9855771371673776
167,30804,69709,2.3,0.0026153029519148927,2.454237772084189,0.39221341822253697
168,30948,48373,2.0,0.02829399005649125,0.9759554991515971,-0.49783216019472265
169,31328,37548,2.3,0.0960571921380122,0.22593648881717143,0.39221341822253697
170,31394,38010,2.3,0.10782659039427636,0.25794653803421574,0.39221341822253697
171,31435,20820,2.0,0.11513788325044047,-0.9330767217947706,-0.49783216019472265
172,31441,22586,1.9,0.11620782854646448,-0.8107179622335147,-0.794514019667143
173,31469,25707,1.8,0.12120090659457655,-0.5944769154664252,-1.0911958791395626
174,31558,25595,2.6,0.13707176181893277,-0.60223692739783,1.282258996639798
175,31625,22274,1.9,0.14901948429120093,-0.832335138328142,-0.794514019667143
176,31636,25592,1.8,0.15098105066724496,-0.6024447848602783,-1.0911958791395626
177,31777,24175,2.1,0.1761247651238093,-0.7006227929567107,-0.20115030072230236
178,31781,24139,2.6,0.17683806198782534,-0.7031170825060908,1.282258996639798
179,31789,39734,2.5,0.17826465571585734,0.37739529312119496,0.9855771371673776
180,31827,24226,2.6,0.18504097592400945,-0.6970892160950889,1.282258996639798
181,31841,24219,2.3,0.18753751494806548,-0.6975742168408018,0.39221341822253697
182,31842,3816,2.2,0.18771583916406948,-2.1112128189519597,0.09553155875011796
183,31854,72461,2.2,0.1898557297561175,2.6449123509701327,0.09553155875011796
184,31872,51447,1.9,0.19306556564418956,1.1889401123403291,-0.794514019667143
185,31884,21942,2.1,0.19520545623623758,-0.8553380308390915,-0.20115030072230236
186,31920,24042,1.6,0.20162512801238167,-0.7098378071252538,-1.6845595980844026
187,31989,21746,2.2,0.21392949891665786,-0.8689180517190498,0.09553155875011796
188,32042,54837,2.6,0.22338068236487,1.423819044906953,1.282258996639798
189,32061,51787,2.3,0.22676884246894602,1.2124972914178076,0.39221341822253697
190,32090,40232,2.4,0.2319402447330621,0.41189963188761936,0.6888952776949573
191,32114,35895,2.1,0.23622002591715816,0.11140702700813628,-0.20115030072230236
192,32132,25638,2.3,0.2394298618052302,-0.599257637102737,0.39221341822253697
193,32172,19839,1.7,0.24656283044539032,-1.0010461120153777,-1.387877738611983
194,32177,38319,2.4,0.24745445152541032,0.27935585666639473,0.6888952776949573
195,32200,24524,1.8,0.2515559084935024,-0.6764420414918872,-1.0911958791395626
196,32249,65824,2.7,0.2602937950776985,2.185062358213589,1.5789408561122182
197,32270,20485,2.5,0.26403860361378256,-0.9562874717681685,0.9855771371673776
198,32317,39031,1.8,0.27241984176597067,0.3286873610874674,-1.0911958791395626
199,32324,47883,2.3,0.27366811127799867,0.9420054469517016,0.39221341822253697
200,32335,24112,1.9,0.2756296776540427,-0.7049877996681259,-0.794514019667143
201,32358,51700,2.3,0.2797311346221348,1.2064694250068058,0.39221341822253697
202,32397,50013,2.3,0.2866857790462909,1.0895842452900228,0.39221341822253697
203,32443,59703,2.8,0.294888692982475,1.76096384899816,1.8756227155846372
204,32449,50373,2.2,0.295958638278499,1.1145271407838235,0.09553155875011796
205,32460,38657,2.0,0.29792020465454305,0.302774464102241,-0.49783216019472265
206,32469,25926,2.1,0.29952512259857905,-0.5793033207076964,-0.20115030072230236
207,32483,25006,2.1,0.3020216616226351,-0.6430462758585206,-0.20115030072230236
208,32537,45277,2.3,0.3116511692868512,0.7614465979049105,0.39221341822253697
209,32540,23388,2.1,0.3121861419348632,-0.7551507339389918,-0.20115030072230236
210,32556,53370,1.8,0.31503932939092727,1.322176745769715,-1.0911958791395626
211,32573,25264,2.6,0.3180708410629953,-0.6251705340879634,1.282258996639798
212,32695,10686,2.2,0.3398263954154836,-1.635219229945262,0.09553155875011796
213,32732,53475,1.8,0.3464243914076317,1.3294517569554067,-1.0911958791395626
214,32743,23089,2.4,0.34838595778367576,-0.7758671943630097,0.6888952776949573
215,32747,24026,2.5,0.34909925464769176,-0.7109463802583116,0.9855771371673776
216,32750,52488,2.6,0.34963422729570376,1.261066651809903,1.282258996639798
217,32751,37548,2.5,0.34981255151170776,0.22593648881717143,0.9855771371673776
218,32752,23561,2.0,0.34999087572771176,-0.7431642869378042,-0.49783216019472265
219,32771,50844,2.7,0.3533790358317878,1.147160762388213,1.5789408561122182
220,32778,22737,2.1,0.3546273053438158,-0.8002558032902816,-0.20115030072230236
221,32785,22600,1.9,0.3558755748558438,-0.8097479607420891,-0.794514019667143
222,32789,21703,2.5,0.35658887171985987,-0.8718973420141426,0.9855771371673776
223,32792,24583,1.8,0.35712384436787187,-0.6723541780637365,-1.0911958791395626
224,32793,50894,2.6,0.35730216858387587,1.1506250534290186,1.282258996639798
225,32795,40815,2.2,0.35765881701588387,0.45229326542341336,0.09553155875011796
226,32806,39665,2.5,0.35962038339192787,0.37261457148488314,0.9855771371673776
227,32926,22552,1.7,0.3810192893124082,-0.8130736801412625,-1.387877738611983
228,32935,50281,2.5,0.3826242072564442,1.108152845268741,0.9855771371673776
229,32937,52727,1.8,0.3829808556884522,1.277625962984954,-1.0911958791395626
230,32942,51179,1.9,0.38387247676847225,1.1703715123616107,-0.794514019667143
231,32943,39590,2.2,0.38405080098447625,0.36741813492367464,0.09553155875011796
232,32954,52073,2.5,0.38601236736052025,1.232313036171216,0.9855771371673776
233,32957,38752,2.0,0.38654734000853225,0.30935661707977175,-0.49783216019472265
234,32961,53403,2.2,0.3872606368725483,1.3244631778566467,0.09553155875011796
235,32965,39273,2.2,0.3879739337365643,0.34545452972496676,0.09553155875011796
236,32968,36540,1.8,0.3885089063845763,0.1560963814345293,-1.0911958791395626
237,32972,36302,1.9,0.3892222032485923,0.13960635608029437,-0.794514019667143
238,32974,47461,2.3,0.3895788516806003,0.9127668305673018,0.39221341822253697
239,33014,29448,2.0,0.3967118203207604,-0.3352786597933457,-0.49783216019472265
240,33031,41510,2.6,0.39974333199282847,0.500446910890612,1.282258996639798
241,33032,23531,2.1,0.39992165620883247,-0.7452428615622876,-0.20115030072230236
242,33049,25433,1.8,0.4029531678809005,-0.6134612303700403,-1.0911958791395626
243,33058,25439,1.8,0.4045580858249365,-0.6130455154451436,-1.0911958791395626
244,33081,22546,2.3,0.4086595427930286,-0.8134893950661591,0.39221341822253697
245,33082,24583,2.0,0.4088378670090326,-0.6723541780637365,-0.49783216019472265
246,33086,22597,2.3,0.4095511638730486,-0.8099558182045374,0.39221341822253697
247,33088,51049,1.7,0.4099078123050566,1.161364355655516,-1.387877738611983
248,33118,27280,2.3,0.4152575387851767,-0.48549031932267916,0.39221341822253697
249,33129,38418,2.1,0.4172191051612207,0.28621515292718996,-0.20115030072230236
250,33133,68161,2.7,0.4179324020252367,2.3469833214608458,1.5789408561122182
251,33138,38763,1.7,0.41882402310525674,0.31011876110874903,-1.387877738611983
252,33138,48900,2.4,0.41882402310525674,1.0124691267216888,0.6888952776949573
253,33142,62802,2.8,0.41953731996927274,1.9756806077072948,1.8756227155846372
254,33151,58067,2.7,0.42114223791330874,1.6476122461429987,1.5789408561122182
255,33197,21126,2.1,0.42934515184949285,-0.91187526062504,-0.20115030072230236
256,33197,25261,2.4,0.42934515184949285,-0.6253783915504117,0.6888952776949573
257,33201,24479,1.8,0.4300584487135089,-0.6795599034286123,-1.0911958791395626
258,33210,22238,2.6,0.4316633666575449,-0.834829427877522,1.282258996639798
259,33227,51107,2.5,0.43469487832961295,1.1653829332628507,0.9855771371673776
260,33242,39464,2.5,0.43736974156967295,0.3586881215008444,0.9855771371673776
261,33262,24820,2.2,0.440936225889753,-0.6559334385303177,0.09553155875011796
262,33263,19965,1.9,0.441114550105757,-0.9923160985925474,-0.794514019667143
263,33266,25290,2.5,0.44164952275376906,-0.6233691027467445,0.9855771371673776
264,33268,25550,1.8,0.44200617118577706,-0.605354789334555,-1.0911958791395626
265,33282,24338,2.4,0.44450271020983306,-0.6893292041636843,0.6888952776949573
266,33291,50377,1.8,0.4461076281538691,1.114804284067088,-1.0911958791395626
267,33313,24717,2.5,0.4500307609059572,-0.6630698780743773,0.9855771371673776
268,33326,25104,2.2,0.45234897571400917,-0.6362562654185415,0.09553155875011796
269,33348,20570,2.5,0.4562721084660972,-0.9503981769987989,0.9855771371673776
270,33356,23577,2.0,0.4576987021941293,-0.7420557138047464,-0.49783216019472265
271,33362,21060,1.9,0.4587686474901533,-0.9164481247989034,-0.794514019667143
272,33370,39253,1.7,0.4601952412181853,0.34406881330864447,-1.387877738611983
273,33384,48825,2.6,0.46269178024224134,1.0072726901604803,1.282258996639798
274,33411,11927,1.6,0.4675065340743494,-1.5492355263124655,-1.6845595980844026
275,33416,22519,2.2,0.4683981551543694,-0.8153601122281943,0.09553155875011796
276,33419,24755,2.4,0.46893312780238144,-0.6604370168833651,0.6888952776949573
277,33432,54837,2.6,0.47125134261043344,1.423819044906953,1.282258996639798
278,33439,49185,1.8,0.47249961212246144,1.032215585654281,-1.0911958791395626
279,33444,23160,2.1,0.4733912332024815,-0.7709479010850656,-0.20115030072230236
280,33464,51905,2.5,0.47695771752256155,1.220673018274109,0.9855771371673776
281,33491,22932,2.0,0.4817724713546696,-0.7867450682311394,-0.49783216019472265
282,33517,40364,2.6,0.48640890097077366,0.4210453602353463,1.282258996639798
283,33520,25175,1.6,0.48694387361878566,-0.6313369721405975,-1.6845595980844026
284,33537,38177,2.2,0.4899753852908537,0.26951727011050663,0.09553155875011796
285,33542,47636,2.1,0.4908670063708737,0.9248918492101217,-0.20115030072230236
286,33566,22585,1.9,0.49514678755496977,-0.8107872480543308,-0.794514019667143
287,33568,50017,1.9,0.49550343598697777,1.0898613885732873,-0.794514019667143
288,33578,37955,1.8,0.4972866781470178,0.25413581788932954,-1.0911958791395626
289,33581,50059,2.7,0.4978216507950298,1.092771393047564,1.5789408561122182
290,33593,25541,2.4,0.4999615413870779,-0.6059783617219,0.6888952776949573
291,33634,51506,2.7,0.507272834243242,1.1930279757684799,1.5789408561122182
292,33639,53106,2.7,0.5081644553232619,1.303885289074261,1.5789408561122182
293,33642,53475,2.4,0.508699427971274,1.3294517569554067,0.6888952776949573
294,33653,38548,2.3,0.510660994347318,0.29522230963328466,0.39221341822253697
295,33661,26258,2.3,0.51208758807535,-0.5563004281967469,0.39221341822253697
296,33665,23875,1.9,0.512800884939366,-0.7214085392015447,-0.794514019667143
297,33688,26144,1.8,0.5169023419074581,-0.5641990117697838,-1.0911958791395626
298,33694,40032,2.1,0.5179722872034821,0.39804246772439666,-0.20115030072230236
299,33704,54826,2.3,0.5197555293635221,1.4230569008779757,0.39221341822253697
300,33715,35203,2.3,0.5217170957395662,0.06346123900338593,0.39221341822253697
301,33719,23794,2.4,0.5224303926035821,-0.7270206906876499,0.6888952776949573
302,33726,26631,2.2,0.5236786621156102,-0.5304568170323366,0.09553155875011796
303,33739,37610,2.7,0.5259968769236623,0.23023220970777045,1.5789408561122182
304,33745,21623,2.2,0.5270668222196863,-0.8774402076794316,0.09553155875011796
305,33754,52555,2.6,0.5286717401637222,1.2657088018045826,1.282258996639798
306,33771,26590,1.8,0.5317032518357903,-0.5332975356857973,-1.0911958791395626
307,33773,25580,2.4,0.5320599002677983,-0.6032762147100716,0.6888952776949573
308,33784,25366,2.2,0.5340214666438423,-0.6181033803647199,0.09553155875011796
309,33794,51765,2.1,0.5358047088038823,1.2109730033598531,-0.20115030072230236
310,33807,25230,2.4,0.5381229236119344,-0.6275262519957112,0.6888952776949573
311,33837,72517,2.1,0.5434726500920545,2.648792356935835,-0.20115030072230236
312,33838,48913,2.0,0.5436509743080584,1.0133698423922983,-0.49783216019472265
313,33840,22055,2.4,0.5440076227400664,-0.8475087330868708,0.6888952776949573
314,33841,26663,2.1,0.5441859469560705,-0.528239670766221,-0.20115030072230236
315,33847,35579,1.8,0.5452558922520945,0.0895127076302445,-1.0911958791395626
316,33862,19850,1.9,0.5479307554921545,-1.0002839679864004,-0.794514019667143
317,34000,50592,2.6,0.5725394973007069,1.1297007355425523,1.282258996639798
318,34022,1244,1.6,0.576462630052795,-2.289415950091003,-1.6845595980844026
319,34024,72078,2.8,0.576819278484803,2.618375881597561,1.8756227155846372
320,34027,25328,1.9,0.5773542511328149,-0.6207362415557321,-0.794514019667143
321,34034,20257,2.3,0.578602520644843,-0.9720846389142423,0.39221341822253697
322,34037,20882,1.7,0.5791374932928549,-0.9287810009041716,-1.387877738611983
323,34043,21441,2.2,0.580207438588879,-0.8900502270679643,0.09553155875011796
324,34052,5620,1.8,0.581812356532915,-1.9862211981996916,-1.0911958791395626
325,34054,47967,1.8,0.582169004964923,0.9478254559002551,-1.0911958791395626
326,34103,51509,2.6,0.5909068915491191,1.193235833230928,1.282258996639798
327,34124,23658,1.6,0.5946517000852032,-0.7364435623186413,-1.6845595980844026
328,34129,52495,2.5,0.5955433211652232,1.2615516525556159,0.9855771371673776
329,34137,52630,2.6,0.5969699148932552,1.270905238365791,1.282258996639798
330,34144,11404,2.3,0.5982181844052832,-1.5854720105992928,0.39221341822253697
331,34190,25536,2.3,0.6064210983414673,-0.6063247908259807,0.39221341822253697
332,34208,39031,1.9,0.6096309342295394,0.3286873610874674,-0.794514019667143
333,34238,36011,1.8,0.6149806607096595,0.11944418222280541,-1.0911958791395626
334,34240,21862,2.0,0.6153373091416675,-0.8608808965043806,-0.49783216019472265
335,34241,37756,1.9,0.6155156333576715,0.240347939546923,-0.794514019667143
336,34257,22759,2.4,0.6183688208137356,-0.798731515232327,0.6888952776949573
337,34258,22472,2.2,0.6185471450297395,-0.8186165458065515,0.09553155875011796
338,34273,22264,1.8,0.6212220082697996,-0.8330279965363031,-1.0911958791395626
339,34277,25872,1.7,0.6219353051338156,-0.5830447550317666,-1.387877738611983
340,34278,23692,1.8,0.6221136293498196,-0.7340878444108934,-1.0911958791395626
341,34292,24436,1.7,0.6246101683738756,-0.6825391937237052,-1.387877738611983
342,34294,39358,2.2,0.6249668168058836,0.3513438244943364,0.09553155875011796
343,34301,40232,2.6,0.6262150863179117,0.41189963188761936,1.282258996639798
344,34323,59311,2.2,0.6301382190699997,1.7338038072382436,0.09553155875011796
345,34331,49974,1.9,0.6315648127980317,1.0868820982781944,-0.794514019667143
346,34333,11693,2.3,0.6319214612300397,-1.565448408383436,0.39221341822253697
347,34334,39101,2.3,0.6320997854460437,0.33353736854459526,0.39221341822253697
348,34336,24976,1.6,0.6324564338780517,-0.645124850483004,-1.6845595980844026
349,34342,20680,1.7,0.6335263791740757,-0.9427767367090264,-1.387877738611983
350,34353,38683,2.5,0.6354879455501198,0.30457589544346,0.9855771371673776
351,34369,25192,2.2,0.6383411330061838,-0.6301591131867236,0.09553155875011796
352,34390,22885,1.8,0.6420859415422678,-0.7900015018094968,-1.0911958791395626
353,34391,45571,2.4,0.6422642657582719,0.7818166292248478,0.6888952776949573
354,34400,50525,2.6,0.6438691837023078,1.1250585855478727,1.282258996639798
355,34402,23124,1.9,0.6442258321343158,-0.7734421906344457,-0.794514019667143
356,34403,39653,2.1,0.6444041563503199,0.3717831416350898,-0.20115030072230236
357,34405,23719,1.8,0.6447608047823279,-0.7322171272488583,-1.0911958791395626
358,34408,20186,2.0,0.6452957774303398,-0.9770039321921864,-0.49783216019472265
359,34411,24505,1.6,0.6458307500783519,-0.6777584720873934,-1.6845595980844026
360,34413,35186,2.5,0.6461873985103599,0.062283380049512005,0.9855771371673776
361,34415,26450,2.4,0.6465440469423679,-0.5429975506000532,0.6888952776949573
362,34424,48372,2.8,0.6481489648864039,0.975886213330781,1.8756227155846372
363,34425,20894,2.3,0.6483272891024079,-0.9279495710543783,0.39221341822253697
364,34428,24213,1.8,0.6488622617504199,-0.6979899317656985,-1.0911958791395626
365,34429,55138,2.2,0.6490405859664239,1.444674076972603,0.09553155875011796
366,34440,25083,2.0,0.6510021523424679,-0.6377112676556799,-0.49783216019472265
367,34461,45259,2.4,0.654746960878552,0.7601994531302205,0.6888952776949573
368,34470,52529,2.0,0.656351878822588,1.2639073704633637,-0.49783216019472265
369,34484,19719,1.6,0.658848417846644,-1.0093604105133112,-1.6845595980844026
370,34498,51752,2.4,0.6613449568707002,1.2100722876892438,0.6888952776949573
371,34508,22934,2.5,0.6631281990307402,-0.7866064965895072,0.9855771371673776
372,34523,15634,1.9,0.6658030622708002,-1.2923929885471337,-0.794514019667143
373,34535,49825,1.9,0.6679429528628482,1.0765585109765936,-0.794514019667143
374,34556,35862,2.4,0.6716877613989323,0.10912059492120454,0.6888952776949573
375,34578,39472,1.7,0.6756108941510203,0.3592424080673733,-1.387877738611983
376,34605,39426,2.2,0.6804256479831284,0.3560552603098321,0.09553155875011796
377,34615,54404,2.2,0.6822088901431684,1.393818284493576,0.09553155875011796
378,34625,39797,2.0,0.6839921323032084,0.38176029983261006,-0.49783216019472265
379,34670,26997,1.7,0.6920167220233886,-0.5050982066136392,-1.387877738611983
380,34694,18725,2.0,0.6962965032074846,-1.0782305164045278,-0.49783216019472265
381,34696,40943,2.2,0.6966531516394926,0.46116185048787584,0.09553155875011796
382,34703,25616,2.1,0.6979014211515207,-0.6007819251606915,-0.20115030072230236
383,34715,21902,2.1,0.7000413117435687,-0.8581094636717361,-0.20115030072230236
384,34715,40212,2.6,0.7000413117435687,0.41051391547129706,1.282258996639798
385,34727,58966,1.9,0.7021812023356166,1.7099001990566844,-0.794514019667143
386,34728,39753,2.5,0.7023595265516207,0.3787117237167011,0.9855771371673776
387,34729,38512,2.0,0.7025378507676246,0.2927280200839046,-0.49783216019472265
388,34730,22553,2.0,0.7027161749836287,-0.8130043943204464,-0.49783216019472265
389,34762,21697,2.2,0.7084225498957568,-0.8723130569390393,0.09553155875011796
390,34771,51596,2.4,0.7100274678397928,1.1992636996419301,0.6888952776949573
391,34791,36568,2.3,0.7135939521598729,0.1580363844173805,0.39221341822253697
392,34825,23466,2.5,0.719656975504009,-0.749746439915335,0.9855771371673776
393,34831,34784,2.1,0.720726920800033,0.034430480081434484,-0.20115030072230236
394,34859,24926,2.2,0.725719998848145,-0.6485891415238096,0.09553155875011796
395,34860,23468,2.1,0.725898323064149,-0.7496078682737027,-0.20115030072230236
396,34865,21128,2.0,0.726789944144169,-0.9117366889834078,-0.49783216019472265
397,34876,24088,1.9,0.728751510520213,-0.7066506593677125,-0.794514019667143
398,34885,7397,1.5,0.7303564284642491,-1.8631002946094584,-1.981241457556823
399,34930,21164,1.6,0.7383810181844291,-0.9092423994340276,-1.6845595980844026
400,34949,32340,1.8,0.7417691782885052,-0.13490406599314625,-1.0911958791395626
401,34950,53337,1.9,0.7419475025045092,1.319890313682783,-0.794514019667143
402,34974,3682,2.1,0.7462272836886052,-2.120497118941319,-0.20115030072230236
403,34975,52097,1.9,0.7464056079046093,1.2339758958708027,-0.794514019667143
404,34978,39102,2.1,0.7469405805526214,0.33360665436541137,-0.20115030072230236
405,34986,50923,2.5,0.7483671742806534,1.152634342232686,0.9855771371673776
406,34990,26582,1.7,0.7490804711446694,-0.5338518222523262,-1.387877738611983
407,34999,23159,2.0,0.7506853890887054,-0.7710171869058817,-0.49783216019472265
408,35002,21703,1.8,0.7512203617367174,-0.8718973420141426,-1.0911958791395626
409,35002,34314,2.5,0.7512203617367174,0.0018661442978612703,0.9855771371673776
410,35040,21833,1.7,0.7579966819448695,-0.8628901853080478,-1.387877738611983
411,35044,64578,2.5,0.7587099788088855,2.098732225476712,0.9855771371673776
412,35046,48894,2.0,0.7590666272408935,1.012053411796792,-0.49783216019472265
413,35048,23316,1.9,0.7594232756729015,-0.760139313037752,-0.794514019667143
414,35087,39029,2.1,0.7663779200970576,0.32854878944583515,-0.20115030072230236
415,35098,61194,2.3,0.7683394864731016,1.8642690078349848,0.39221341822253697
416,35109,54789,2.3,0.7703010528491456,1.4204933255077796,0.39221341822253697
417,35109,25594,1.8,0.7703010528491456,-0.6023062132186461,-1.0911958791395626
418,35132,21380,2.4,0.7744025098172377,-0.8942766621377471,0.6888952776949573
419,35141,37156,2.5,0.7760074277612737,0.19877644705725506,0.9855771371673776
420,35164,35842,2.0,0.7801088847293658,0.10773487850488228,-0.49783216019472265
421,35189,23550,2.4,0.7845669901294658,-0.7439264309667815,0.6888952776949573
422,35214,25724,1.9,0.7890250955295659,-0.5932990565125513,-0.794514019667143
423,35225,24418,1.7,0.79098666190561,-0.6837863384983952,-1.387877738611983
424,35255,22861,1.6,0.79633638838573,-0.7916643615090835,-1.6845595980844026
425,35257,38858,2.4,0.796693036817738,0.31670091408627976,0.6888952776949573
426,35273,51998,2.7,0.7995462242738021,1.2271165996100075,1.5789408561122182
427,35279,37801,2.7,0.8006161695698261,0.24346580148364808,1.5789408561122182
428,35283,26080,2.1,0.8013294664338421,-0.568633304302015,-0.20115030072230236
429,35304,40998,2.2,0.8050742749699261,0.4649725706327621,0.09553155875011796
430,35306,25590,2.1,0.8054309234019341,-0.6025833565019105,-0.20115030072230236
431,35352,23521,1.8,0.8136338373381182,-0.7459357197704488,-1.0911958791395626
432,35383,52337,1.9,0.8191618880342423,1.25060449286667,-0.794514019667143
433,35392,35936,2.4,0.8207668059782783,0.11424774566159693,0.6888952776949573
434,35425,25928,2.3,0.8266515051064104,-0.5791647490660642,0.39221341822253697
435,35435,36392,2.3,0.8284347472664505,0.14584207995374454,0.39221341822253697
436,35450,9374,1.5,0.8311096105065104,-1.7261222268560026,-1.981241457556823
437,35504,25205,2.2,0.8407391181707267,-0.6292583975161141,0.09553155875011796
438,35565,37837,2.2,0.8516168953469708,0.24596009103302816,0.09553155875011796
439,35586,51487,2.2,0.8553617038830549,1.1917115451729736,0.09553155875011796
440,35664,22678,1.5,0.869270992731367,-0.8043436667184323,-1.981241457556823
441,35722,38061,2.6,0.8796137972595992,0.2614801148958375,1.282258996639798
442,35731,49521,2.2,0.8812187152036352,1.0554956214484952,0.09553155875011796
443,35740,20198,2.1,0.8828236331476712,-0.9761725023423931,-0.20115030072230236
444,35827,54812,2.3,0.8983378399400195,1.42208689938655,0.39221341822253697
445,35854,23286,2.2,0.9031525937721275,-0.7622178876622354,0.09553155875011796
446,35862,17909,2.3,0.9045791875001595,-1.1347677461904762,0.39221341822253697
447,35868,38666,2.2,0.9056491327961835,0.303398036489586,0.09553155875011796
448,35895,39698,1.8,0.9104638866282916,0.3749010035718149,-1.0911958791395626
449,35902,22329,2.1,0.9117121561403196,-0.8285244181832557,-0.20115030072230236
450,35940,10215,1.9,0.9184884763484717,-1.6678528515496513,-0.794514019667143
451,35974,38293,2.4,0.9245514996926077,0.27755442532517577,0.6888952776949573
452,35977,23093,2.1,0.9250864723406198,-0.7755900510797452,-0.20115030072230236
453,35984,20092,2.0,0.9263347418526479,-0.983516799348901,-0.49783216019472265
454,35995,39748,2.0,0.9282963082286918,0.37836529461262053,-0.49783216019472265
455,36039,19927,1.7,0.9361425737328679,-0.9949489597835597,-1.387877738611983
456,36097,52440,2.1,0.9464853782611001,1.2577409324107296,-0.20115030072230236
457,36109,21035,2.3,0.9486252688531481,-0.9181802703193063,0.39221341822253697
458,36168,13408,1.6,0.9591463975973843,-1.4466232256838019,-1.6845595980844026
459,36179,52878,2.6,0.9611079639734283,1.2880881219281872,1.282258996639798
460,36198,55053,2.0,0.9644961240775044,1.4387847822032334,-0.49783216019472265
461,36237,37061,2.6,0.9714507685016605,0.1921942940797243,1.282258996639798
462,36253,53560,2.1,0.9743039559577245,1.3353410517247764,-0.20115030072230236
463,36257,50797,2.3,0.9750172528217405,1.1439043288098556,0.39221341822253697
464,36258,20173,2.1,0.9751955770377445,-0.9779046478627959,-0.20115030072230236
465,36281,27046,1.9,0.9792970340058366,-0.5017032013936497,-0.794514019667143
466,36282,22806,1.5,0.9794753582218406,-0.7954750816539697,-1.981241457556823
467,36289,20148,1.8,0.9807236277338686,-0.9796367933831986,-1.0911958791395626
468,36320,65660,2.5,0.9862516784299926,2.1736994835997465,0.9855771371673776
469,36539,51554,2.0,1.0253046817348692,1.1963536951676532,-0.49783216019472265
470,36668,52364,2.8,1.0483085055993855,1.2524752100287049,1.8756227155846372
471,36903,22966,2.4,1.090214696360326,-0.7843893503233916,0.6888952776949573
472,36914,50387,2.0,1.0921762627363703,1.115497142275249,-0.49783216019472265
473,36935,35779,1.8,1.0959210712724543,0.10336987179346714,-1.0911958791395626
474,36974,38535,2.1,1.1028757156966102,0.2943215939626752,-0.20115030072230236
475,37058,51036,2.5,1.1178549498409465,1.1604636399849066,0.9855771371673776
476,37059,69421,3.1,1.1180332740569505,2.4342834556891484,2.765668294001898
477,37066,22290,2.2,1.1192815435689785,-0.8312265651950842,0.09553155875011796
478,37071,40698,2.0,1.1201731646489985,0.4441868243879281,-0.49783216019472265
479,37091,37060,2.3,1.1237396489690785,0.1921250082589082,0.39221341822253697
480,37109,7725,1.7,1.1269494848571506,-1.8403745453817733,-1.387877738611983
481,37163,39279,1.9,1.1365789925213667,0.34587024464986343,-0.794514019667143
482,37165,22423,2.5,1.1369356409533748,-0.8220115510265411,0.9855771371673776
483,37229,22623,1.8,1.1483483907776308,-0.8081543868633184,-1.0911958791395626
484,37296,13661,1.9,1.160296113249899,-1.4290939130173252,-0.794514019667143
485,37528,60703,2.2,1.2016673313628277,1.8302496698142732,0.09553155875011796
486,37862,51407,2.7,1.2612276195081644,1.1861686795076847,1.5789408561122182
487,37911,39894,2.2,1.2699655060923607,0.38848102445177307,0.09553155875011796
488,38333,9148,1.3,1.3452183252460497,-1.741780822360444,-2.574605176501663
489,38426,53658,2.5,1.361802477334422,1.3421310621647555,0.9855771371673776
490,39170,23528,1.5,1.4944756940413997,-0.745450719024736,-1.981241457556823
491,40020,40195,2.5,1.646051277644802,0.40933605651742316,0.9855771371673776
492,40541,23308,2.2,1.738958194182887,-0.7606935996042808,0.09553155875011796
493,40868,22612,1.5,1.797270212816196,-0.8089165308922956,-1.981241457556823
494,42834,53373,3.2,2.147855621480065,1.3223846032321633,3.0623501534743185
495,43204,39211,2.6,2.213835581401546,0.3411588088343677,1.282258996639798
496,43672,12582,1.5,2.297291314491419,-1.5038533136779113,-1.981241457556823
497,44193,40411,2.3,2.3901982310295042,0.4243017938137036,0.39221341822253697
498,44333,25997,2.2,2.4151636212700645,-0.5743840274297525,0.09553155875011796
499,44697,36221,2.0,2.4800736358955215,0.1339942045941892,-0.49783216019472265
